174  57  54  31 
216  32 163  49 
146   1 154  69 
126 247  13 159 
164 121 201 145 
138 139 123 113 
210 121 250 226 
 75  89 128  95 
 45 104 166 145 
168 212 220  12 
147 233 127 251 
220 247 237 115 
248  27  63  58 
 61 186 185  71 
  1 159  75  48 
 56 153 226 253 
 57  42 170  30 
118  32 139 111 
161 239 156  53 
160 110 107  39 
232  57 185 168 
 74 156 199 188 
248 108  94  88 
225 128 106  80 
235  23  25 217 
242 170 221   9 
 66 204 228 141 
198 107  12  87 
 22 212   2 104 
 87 171  35 150 
211 240 199 143 
 48 232 224 151 
107  97  55  71 
101 208  66  97 
112  82  69  36 
202  79  93  44 
157  83 117   5 
111 148   9 252 
235 132 136 144 
 84 169  34   2 
152  63 225 190 
149 145 101 127 
207 204 218  28 
249 215  48 164 
253  90 168  17 
238 241  62 159 
122  64 203  60 
 51 162 211 245 
  6 124  23 125 
182 117 178  11 
  2  23 200 224 
 17  19 192  35 
117  82 245 166 
 60 200 190  26 
 77 139 108 119 
 22  13 255 237 
 27 168 224 212 
117 124 232  99 
221  89  57  81 
125  71 196 175 
193 123 102 106 
196 164  78 201 
183  98 128 169 
162  58  93 114 
 30 185   0 107 
169  12 108 244 
 71  68 103  25 
181  60 109  34 
143  45 201 109 
 79  21 122  31 
140 242  70 119 
159  24 218 173 
 24  98 202  47 
 20 209 199 248 
205  38 126  39 
157 155  69 249 
109 127 113  60 
131 163  67 183 
 41  92 184  69 
173  66 123 104 
 93 149  82  62 
 63 223 133 230 
183  45  83  40 
115 122  11 240 
226 245 185  95 
186 155 177 140 
201  21 215 238 
151 127 121  44 
199 221 240 239 
205 131 226 179 
 52 124 184 105 
 62 140 143 177 
 68 195 152 113 
106  31 154 240 
172  38   8 169 
217 105 206 186 
 93 114  56  30 
 76 180  84 255 
187 141  73  21 
235 193 217 201 