0      867 205 149 175  86  50 176   0   0   0   0   0   0 
0      867 227  64 242  10 173 240   0   0   0   0   0   0 
0      867 201 156  63  99 128  16   0   0   0   0   0   0 
0      867  78 180 237 147 207 146   0   0   0   0   0   0 
0      867  68 241   2 163  95  89   0   0   0   0   0   0 
0      867  37 175  27 235 165 219   0   0   0   0   0   0 
0      867 145  89  16 137  45  84   0   0   0   0   0   0 
0      867  56 145 230 221 168 154   0   0   0   0   0   0 
0      867 125  14 125 237 231  61   0   0   0   0   0   0 
0      867 239 230  90 243 135 196   0   0   0   0   0   0 
0      459 101  15 188 211 194 210   0   0   0   0   0   0 
0      459  87  65 142  94   5 234   0   0   0   0   0   0 
0      459 105  19  95 249 128  67   0   0   0   0   0   0 
0      459 227 177 223 179 182 166   0   0   0   0   0   0 
0      459 168 180 213  28 103  85   0   0   0   0   0   0 
0      459 142  28 137  88  77  86   0   0   0   0   0   0 
0      459  38 254 244 149 151 255   0   0   0   0   0   0 
0      459  85 131 169 162 115 135   0   0   0   0   0   0 
0      459  33 107 130  26 251 154   0   0   0   0   0   0 
0      459 254 245  62 144   8 147   0   0   0   0   0   0 
0      742  32 252 219 111 214  79   0   0   0   0   0   0 
0      742 245  99  79 200 188 151   0   0   0   0   0   0 
0      742 208 243 167  78 111  31   0   0   0   0   0   0 
0      742 208 153 125  63  78  90   0   0   0   0   0   0 
0      742 135 201  69 238 249 144   0   0   0   0   0   0 
0      742 249 184 110 170  45 253   0   0   0   0   0   0 
0      742 109 218  35 254 106  73   0   0   0   0   0   0 
0      742  78  51  72 148  56  71   0   0   0   0   0   0 
0      742  10  78 218  94 206  77   0   0   0   0   0   0 
0      742  92 101 100 130  76 255   0   0   0   0   0   0 
0      469  81  27 105 199  96  79   0   0   0   0   0   0 
0      469 111  20  92  31 153  30   0   0   0   0   0   0 
0      469 134 227  93   5 202 242   0   0   0   0   0   0 
0      469 226  36 117  68 144 108   0   0   0   0   0   0 
0      469 180   6 109 184  98  85   0   0   0   0   0   0 
0      469  40 140 229 153  48 211   0   0   0   0   0   0 
0      469  84  50  45 240 148  33   0   0   0   0   0   0 
0      469 205  21 141 167 253 146   0   0   0   0   0   0 
0      469  42  97  81 253 125  36   0   0   0   0   0   0 
0      469 174  52 241 180 203 244   0   0   0   0   0   0 
0      347  78 190  13 156 198 159   0   0   0   0   0   0 
0      347  90   5  22 171 230 113   0   0   0   0   0   0 
0      347 235  69  34  27 148 172   0   0   0   0   0   0 
0      347  79  20  59  46  96 205   0   0   0   0   0   0 
0      347  62  23 116 143 117  27   0   0   0   0   0   0 
0      347  13   3 113 179 211 194   0   0   0   0   0   0 
0      347   4  66 145 194  47 142   0   0   0   0   0   0 
0      347 103  19 227 168 174  44   0   0   0   0   0   0 
0      347   4  47 203  77 215 142   0   0   0   0   0   0 
0      347 126  15   0 183   5  75   0   0   0   0   0   0 
0      907 180 201  64  58  92  46   0   0   0   0   0   0 
0      907   4 213  48 192  82  33   0   0   0   0   0   0 
0      907  37  99  50  25  30 111   0   0   0   0   0   0 
0      907  40 183 207 128 241 197   0   0   0   0   0   0 
0      907 190  22 117  80 124 162   0   0   0   0   0   0 
0      907  57  91 107   1  70  61   0   0   0   0   0   0 
0      907  48  68 243 121 169 159   0   0   0   0   0   0 
0      907 233   7 108 109 243 201   0   0   0   0   0   0 
0      907 231 161 170 246 216 192   0   0   0   0   0   0 
0      907  43   1 123 216 199 145   0   0   0   0   0   0 
0      882  76  96 130 114  26   2   0   0   0   0   0   0 
0      882  99 105  31  59  46 197   0   0   0   0   0   0 
0      882 133  18 152  90  15  67   0   0   0   0   0   0 
0      882  87   9  45 182 102 216   0   0   0   0   0   0 
0      882 177 170 243  79 239 162   0   0   0   0   0   0 
0      882   6  36  85 190 147  68   0   0   0   0   0   0 
0      882 248  68 199  31 227  19   0   0   0   0   0   0 
0      882 193  39   4   6 135 204   0   0   0   0   0   0 
0      882 102  79 134 196 223  96   0   0   0   0   0   0 
0      882 224  30 182 104 252 143   0   0   0   0   0   0 
0      996 173 169  75   1 193  13   0   0   0   0   0   0 
0      996 189 181 248  65  17 166   0   0   0   0   0   0 
0      996  13  87 197  72 121 135   0   0   0   0   0   0 
0      996  41  96 179 253 189  16   0   0   0   0   0   0 
0      996 225 174 253 231 133 164   0   0   0   0   0   0 
0      996 197 116  11  65 244  69   0   0   0   0   0   0 
0      996  14  50  99  72 246  72   0   0   0   0   0   0 
0      996  35 128 119 237 113 150   0   0   0   0   0   0 
0      996  30 173  59  17  79 143   0   0   0   0   0   0 
0      996 123 222  89 211  90 214   0   0   0   0   0   0 
0      697 223 206 191  52  39  41   0   0   0   0   0   0 
0      697  47 110  75 111  28  44   0   0   0   0   0   0 
0      697 150 227  90 230 118 246   0   0   0   0   0   0 
0      697 146 188 150 186  98 230   0   0   0   0   0   0 
0      697 100 147  83  10 142 111   0   0   0   0   0   0 
0      697 101 184  64  13  25 161   0   0   0   0   0   0 
0      697 194 196 199 202 158  62   0   0   0   0   0   0 
0      697 208 148  31 202 203 224   0   0   0   0   0   0 
0      697  68 206  87  55 131 180   0   0   0   0   0   0 
0      697  27 114 149  80 170 151   0   0   0   0   0   0 
0      858 163  26  16  89 169  58   0   0   0   0   0   0 
0      858 179 196 186 240  90  49   0   0   0   0   0   0 
0      858  88 143  29 213  66 112   0   0   0   0   0   0 
0      858 109  87  93 136 245 241   0   0   0   0   0   0 
0      858  55  31  65 235  46 130   0   0   0   0   0   0 
0      858 186  37 140 109 125 188   0   0   0   0   0   0 
0      858 121 182 206  22 230  86   0   0   0   0   0   0 
0      858 250 102  96  80 172  26   0   0   0   0   0   0 
0      858 138  35 175 121 153 124   0   0   0   0   0   0 
0      858  31 113 227 126 179 113   0   0   0   0   0   0 